-1.455448
-0.025300
-0.018042
-0.067600
-0.233736
-0.693165
-0.669057
-0.140439
-0.389485
-0.200093
-0.018549
-0.324635
-0.064358
-0.420022
-0.174923
-0.159295
-0.379468
-0.487600
-0.118339
-0.000797
-0.464405
-0.039693
-1.349011
-0.017208
-0.130372
-3.682275
-0.001479
-0.078609
-1.126545
-0.091678
-1.142841
-0.457898
-0.068553
-0.000874
-0.000452
-0.006919
-0.005944
-0.360484
-0.124512
-0.135696
-0.631783
-0.012643
-0.679480
-1.607972
-0.232146
-0.517288
-0.264160
-0.014047
-0.257891
-0.103373
-0.164715
-0.023225
-1.180279
-0.278318
-0.188553
-1.601198
-0.661044
-0.031035
-0.130281
-1.686300
-0.064316
-0.165273
-0.017706
-0.299040
-0.016240
-1.095983
-0.044746
-0.025506
-0.900925
-1.352215
-0.614853
-0.014608
-0.152275
-0.404335
-0.098764
-0.022799
-0.012905
-0.245428
-1.208884
-3.120499
-0.315998
-1.521874
-0.019404
-0.206872
-0.219530
-0.024526
-0.003766
-0.111062
-0.221116
-0.646396
-0.149478
-0.017647
-0.258866
-0.079079
-1.152569
-0.454697
-2.110718
-0.487561
-0.380001
-0.415515
-0.115633
-0.018875
-1.104912
-1.560396
-0.048495
-1.472621
-0.231733
-0.332418
-0.507313
-0.585183
-0.000763
-1.922452
-0.230661
-0.177888
-0.437756
-0.769867
-0.468168
-1.584638
-0.149376
-0.973227
-0.569778
-0.000493
-0.169405
-0.134609
-0.206739
-0.803028
-0.041050
-0.015130
-1.297129
-0.007147
-4.585599
-0.103400
-0.032502
-1.673497
-0.041926
-0.313328
-0.076189
-1.365578
-0.306571
-0.909146
-0.074080
-0.129054
-1.712081
-0.031448
-0.760984
-1.034235
-0.196250
-0.026937
-0.001221
-0.055665
-0.246918
-1.207925
-0.303726
-0.045450
-0.133849
-0.280383
-0.381763
-0.311776
-0.115450
-1.501896
-0.447097
-0.000859
-0.777354
-0.000804
-0.217962
-0.000445
-0.496317
-0.063788
-0.576961
-0.284316
-0.298721
-0.171052
-0.283901
-0.002028
-0.124419
-0.296754
-2.218268
-0.252063
-0.038044
-0.027261
-0.445124
-1.614047
-0.050570
-1.553713
-0.825245
-0.018060
-0.027525
-0.425852
-0.291108
-0.009350
-0.060699
-0.598354
-0.515623
-1.897605
-0.762395
-0.150313
-0.560680
-0.497221
-0.459555
-0.147519
-1.449029
-0.528715
-0.194558
-0.331657
-0.168463
-0.013099
-0.049106
-0.031484
-0.000500
-0.106550
-0.745335
-0.532097
-0.024855
-0.245271
-0.192019
-1.128164
-0.272975
-0.122797
-0.080485
-0.087547
-0.142188
-0.361496
-0.323043
-1.136227
-0.433394
-0.051959
-0.297229
-0.732120
-1.942528
-0.045598
-0.693945
-0.069984
-0.017962
-0.130875
-0.147318
-0.089830
-0.359785
-0.167519
-0.527117
-1.845791
-0.037737
-2.093294
-0.038072
-0.807533
-1.718862
-0.462102
-0.151043
-0.104378
-0.005381
-0.279292
-0.885627
-0.508609
-0.057710
-0.001226
-2.438905
-0.136522
-0.001215
-0.618076
-0.038399
-0.017186
-1.266433
-0.009907
-2.867118
-0.697459
-0.220201
-1.413644
-0.298671
-0.079075
-0.119756
-0.032712
-0.004027
-0.079825
-0.036034
-0.324374
-0.189922
-0.219775
-0.183822
-0.176047
-0.078028
-0.384870
-0.003017
-1.054284
-0.035047
-0.043113
-0.010296
-0.111873
-0.051911
-0.910667
-0.148867
-0.242726
-0.308048
-1.064160
-0.074560
-1.151761
-0.768205
-0.029910
-0.001036
-0.266816
-2.065728
-2.533777
-0.035672
-0.054439
-0.209661
-0.000485
-0.827440
-0.675349
-0.001435
-0.003147
-0.325576
-0.021413
-0.221641
-0.000662
-0.007586
-0.085838
-0.247632
-0.629772
-0.042786
-0.143019
-0.019357
-0.570198
-0.960243
-0.000763
-0.001222
-0.042831
-0.971102
-0.251499
-0.053131
-1.335298
-0.098559
-0.120852
-0.512126
-0.523472
-0.538556
-0.011506
-0.011792
-2.153906
-0.024910
-0.075304
-0.656978
-0.064044
-0.100923
-0.551410
-1.579689
-0.095400
-0.397040
-0.621638
-0.208493
-0.299241
-0.261508
-0.051413
-0.114950
-0.001799
-0.255418
-0.002139
-1.408641
-0.382273
-0.396184
-0.106310
-0.105461
-0.115694
-2.913703
-0.110922
-0.119631
-0.199671
-0.036174
-0.012780
-1.959853
-1.068895
-1.081648
-0.712380
-0.185908
-0.339585
-0.642210
-0.629987
-0.212321
-1.661501
-0.409788
-0.672216
-0.095835
-0.013772
-0.028572
-0.008247
-0.050145
-0.350690
-0.002139
-0.015200
-0.494540
-0.011040
-0.007446
-0.282867
-0.012324
-0.113666
-0.002074
-0.694357
-0.791233
-0.125367
-0.366482
-0.001543
-0.072330
-0.342976
-0.109342
-0.153520
-0.189756
-1.779172
-0.578439
-0.022083
-0.072445
-0.105556
-0.078590
-0.004978
-0.003659
-0.728852
-0.070265
-0.157058
-0.539343
-2.058302
-0.696044
-0.004328
-0.131000
-3.103314
-0.015437
-0.744687
-0.033022
-0.083834
-4.137831
-0.097302
-0.549366
-0.349137
-0.007204
-1.127333
-0.203606
-0.099670
-0.343619
-0.159050
-0.175374
-1.442614
-2.653961
-0.000641
-0.103227
-0.565981
-0.369913
-0.000807
-0.897205
-2.846347
-0.113532
-1.737558
-0.242769
-0.564501
-0.229229
-0.548562
-1.491389
-0.722748
-0.334259
-0.534568
-1.388621
-2.462305
-0.239883
-0.548129
-0.191669
-0.000621
-0.231853
-0.144909
-0.021269
-0.405074
-0.236228
-0.001696
-0.075438
-2.013834
-0.032464
-0.060037
-0.110427
-0.121820
-0.644381
-1.329085
-0.041930
-0.903443
-0.130620
-0.081701
-0.008420
-0.035575
-0.421943
-0.002387
-0.355274
-0.201732
-0.317905
-0.668406
-0.032960
-0.067891
-0.329631
-0.173576
-0.207557
-2.423892
-0.003653
-0.004817
-3.102852
-1.380416
-0.002653
-0.541571
-0.157317
-1.371694
-0.197190
-0.173579
-1.033394
-1.029399
-0.002102
-0.110357
-0.210676
-0.000438
-0.084469
-0.030439
-0.060771
-0.086359
-0.458411
-0.544636
-0.237043
-0.097347
-0.001579
-0.000793
-1.801839
-0.095853
-0.333422
-0.379327
-0.675375
-0.139745
-0.149621
-0.077609
-0.944621
-0.016840
-0.026991
-0.126010
-1.390595
-0.618458
-0.524971
-0.054866
-0.602205
-0.014922
-0.791267
-0.089768
-0.151202
-0.018754
-0.825136
-0.212075
-0.055058
-0.584431
-0.817056
-0.034761
-0.001484
-0.030951
-1.598354
-0.023200
-0.129963
-1.454537
-0.186746
-0.006407
-0.001880
-1.260603
-1.683087
-0.030119
-0.420223
-0.040634
-0.113250
-1.091492
-1.323991
-0.941513
-0.675945
-0.000874
-1.866762
-0.373687
-3.853762
-0.002333
-0.940551
-0.220895
-0.466589
-0.470536
-0.012678
-1.018428
-0.093279
-0.001238
-0.052000
-0.196103
-0.100429
-2.571715
-0.022305
-0.036147
-0.086736
-0.139068
-0.115237
-0.131194
-0.093662
-2.875938
-1.819821
-0.126279
-0.011885
-0.021584
-0.485067
-0.657319
-0.248086
-0.236601
-1.317656
-0.035272
-0.040918
-0.034801
-0.607661
-0.003005
-0.932918
-0.000889
-0.171706
-0.475707
-0.097347
-0.072728
-0.056633
-0.344029
-0.253664
-0.292009
-0.013513
-0.061168
-0.016273
-0.130381
-0.767260
-0.027165
-0.209914
-0.033116
-0.034067
-0.238325
-0.061794
-0.536906
-0.006803
-0.870914
-0.557505
-0.177240
-0.405986
-1.631262
-0.044040
-0.434693
-0.253184
-1.629457
-0.292229
-0.342666
-0.221428
-0.345178
-0.258739
-0.001184
-0.004028
-0.472917
-0.072556
-0.757655
-0.128322
-0.001292
-0.211706
-0.153745
-1.905159
-0.885470
-1.599291
-0.034497
-0.436759
-0.199879
-1.590880
-0.091309
-0.004565
-0.538035
-0.163093
-0.936589
-0.208201
-0.347553
-0.654330
-1.164005
-0.011940
-0.231581
-0.226934
-0.571452
-0.007362
-0.000483
-0.006016
-0.614306
-0.060909
-0.665643
-0.015082
-2.134640
-0.212775
-1.195399
-0.034581
-0.027883
-0.152444
-0.003649
-0.070794
-1.339382
-0.020267
-1.230222
-0.727042
-0.352388
-0.850386
-0.437174
-0.021020
-0.152802
-0.121069
-0.688181
-0.189145
-0.107575
-0.114867
-0.431771
-0.003050
-0.804768
-0.047669
-0.006721
-0.836789
-0.147990
-0.036616
-0.011358
-0.326863
-1.403916
-0.197093
-0.399018
-0.196001
-0.184490
-0.002036
-0.104349
-0.016222
-0.899696
-0.078812
-0.286627
-0.642993
-0.252133
-0.003081
-0.000837
-0.672143
-0.586141
-0.728097
-0.173426
-0.060912
-0.255486
-0.081193
-1.010533
-0.717266
-0.188625
-0.279822
-0.010042
-0.076456
-0.286392
-0.366890
-0.003189
-0.526500
-1.801616
-0.739102
-1.184076
-0.184084
-0.186676
-0.905725
-0.218265
-0.094272
-0.030346
-0.505617
-0.122606
-0.339579
-0.002105
-0.077455
-0.047786
-0.023179
-1.946222
-1.977964
-0.025759
-0.496256
-0.765769
-0.331255
-0.019198
-0.016394
-1.164671
-0.213528
-0.796937
-0.097993
-1.202711
-1.098176
-0.025838
-0.002408
-0.270580
-0.022415
-0.130333
-0.233131
-0.125318
-0.685850
-0.111199
-0.558933
-0.588053
-0.000861
-1.773891
-0.443057
-1.763501
-0.412420
-0.720932
-0.227274
-0.016735
-0.397863
-0.006314
-0.076179
-0.460897
-0.926777
-1.388694
-0.293507
-0.552398
-0.115618
-0.463081
-0.059450
-0.538836
-1.944611
-0.012340
-0.190521
-0.297610
-0.007626
-0.445409
-0.311464
-0.084139
-0.653239
-0.017136
-0.361924
-0.001161
-0.419862
-0.634865
-0.002557
-0.027845
-0.391307
-0.008705
-0.694727
-0.013235
-0.021290
-0.007130
-1.288796
-0.093035
-0.223189
-0.414927
-0.062003
-0.014075
-0.678731
-1.168537
-0.122986
-0.001841
-0.128589
-0.185385
-0.021664
-1.435673
-1.934636
-1.291539
-0.184781
-0.055763
-0.245214
-0.331150
-0.351659
-0.018630
-1.049836
-0.044193
-0.124701
-0.061869
-0.196476
-0.207430
-0.479665
-0.048583
-0.216121
-0.456803
-1.303372
-1.377927
-0.481389
-2.025044
-0.089961
-0.778080
-0.890214
-0.822603
-0.271089
-0.867222
-1.099279
-0.927098
-0.110791
-1.608277
-0.017279
-4.508416
-0.001719
-0.317658
-0.114185
-0.051612
-0.788134
-0.824308
-1.199222
-0.011438
-0.085067
-0.007641
-0.376968
-0.738121
-0.042901
-0.058041
-0.047993
-0.639552
-0.113700
-1.207331
-1.797193
-0.539518
-0.248010
-0.423790
-2.412654
-0.922450
-0.189098
-1.502682
-0.053701
-0.090869
-0.053978
-0.065470
-0.061681
-0.254420
-0.005029
-0.220703
-1.048845
-1.107927
-0.000441
-0.137119
-0.024302
-0.183866
-0.594533
-0.492824
-0.000739
-1.273417
-0.826231
-0.995877
-0.032430
-0.132420
-0.314705
-2.381476
-3.573655
-1.098831
-0.181773
-0.536992
-0.000754
-0.001068
-0.000610
-0.047635
-0.018573
-0.007945
-2.069844
-1.271233
-0.267813
-0.002045
-0.145937
-0.186383
-0.575623
-0.022436
-0.147430
-0.071201
-1.860928
-0.972678
-2.246297
-0.021222
-0.086059
-0.443518
-0.315695
-0.003629
-0.012659
-0.006054
-0.086194
-0.350878
-0.089006
-0.045099
-0.560123
-0.449212
-1.995237
-0.003126
-0.017854
-0.378068
-0.348046
-0.326617
-0.155395
-0.048591
-0.757893
-0.008497
-0.500108
-0.832617
-0.163381
-0.078032
-0.356800
-0.004033
-0.013169
-0.245689
-0.095035
-0.009611
-1.675888
-0.250640
-0.053234
-0.649639
-0.003074
-0.357822
-0.130242
-0.007893
-1.299953
-0.009310
-0.243140
-0.021124
-0.316484
-0.835009
-0.089736
-0.573367
-1.279632
-0.003280
-0.145834
-2.076601
-0.779133
-0.115344
